s 1 24
s 5 28
s 6 19
s 8 37
s 10 50
s 14 37
s 19 30
s 20 20
s 22 6
s 23 28
s 24 24
s 27 5
s 28 48
s 30 12
s 32 5
s 36 22
s 39 5
s 41 42
s 42 22
s 43 49
s 44 50
s 45 20
s 46 42
s 48 46
s 49 26
s 51 37
s 53 36
s 56 49
s 59 9
s 60 8
s 61 13
s 64 11
s 66 46
s 71 6
s 73 7
s 74 1
s 75 2
s 77 20
s 80 41
s 81 17
s 83 3
s 88 35
s 89 17
s 90 1
s 91 17
s 92 2
s 94 50
s 95 9
s 96 3
1 3 45
1 11 50
1 13 6
1 16 33
1 21 18
1 22 27
1 25 23
1 27 10
1 30 45
1 31 44
1 34 46
1 37 39
1 38 19
1 39 20
1 41 10
1 44 49
1 47 42
1 51 29
1 53 11
1 55 40
1 57 26
1 62 12
1 64 33
1 65 48
1 66 44
1 67 49
1 68 13
1 69 12
1 72 47
1 75 2
1 77 39
1 78 16
1 81 48
1 83 16
1 84 34
1 85 50
1 88 35
1 89 7
1 93 48
1 94 26
1 95 8
1 96 3
1 99 31
2 4 47
2 5 36
2 7 20
2 12 22
2 13 20
2 14 26
2 18 38
2 19 27
2 20 20
2 22 42
2 23 44
2 25 20
2 26 49
2 27 21
2 29 2
2 30 28
2 32 47
2 35 24
2 39 33
2 40 1
2 41 48
2 42 25
2 43 27
2 45 24
2 47 47
2 49 3
2 50 40
2 51 4
2 52 27
2 54 23
2 55 32
2 56 38
2 60 22
2 62 38
2 64 24
2 66 16
2 67 15
2 69 36
2 73 39
2 74 30
2 76 19
2 77 6
2 78 31
2 80 29
2 81 22
2 83 4
2 84 16
2 85 37
2 89 13
2 91 11
2 94 6
2 99 7
3 1 45
3 4 38
3 6 5
3 9 41
3 10 36
3 11 15
3 12 1
3 16 24
3 18 31
3 20 2
3 22 9
3 23 21
3 24 33
3 28 7
3 29 4
3 31 27
3 32 36
3 33 30
3 34 22
3 35 28
3 39 14
3 41 43
3 42 8
3 49 14
3 50 6
3 51 35
3 52 1
3 58 10
3 60 28
3 62 30
3 63 36
3 66 20
3 67 19
3 69 33
3 70 14
3 74 15
3 78 27
3 79 29
3 80 39
3 84 34
3 86 29
3 88 3
3 89 45
3 90 1
3 92 37
3 93 47
3 95 46
3 96 37
3 98 22
3 99 50
4 2 47
4 3 38
4 5 34
4 11 22
4 13 7
4 14 3
4 16 30
4 17 20
4 18 7
4 20 8
4 22 3
4 25 48
4 26 48
4 27 42
4 29 1
4 31 31
4 32 39
4 33 20
4 35 35
4 36 19
4 37 46
4 39 20
4 44 9
4 45 29
4 46 12
4 54 10
4 55 4
4 58 38
4 59 12
4 60 38
4 62 42
4 63 32
4 66 50
4 67 6
4 68 6
4 69 44
4 70 44
4 71 32
4 72 31
4 73 9
4 74 30
4 76 49
4 79 3
4 85 38
4 89 7
4 90 14
4 94 44
4 96 23
4 98 48
5 2 36
5 4 34
5 8 24
5 9 41
5 10 48
5 11 33
5 12 46
5 13 26
5 14 17
5 17 3
5 18 8
5 20 36
5 22 44
5 24 5
5 25 43
5 28 3
5 29 34
5 32 5
5 35 48
5 37 25
5 38 28
5 41 28
5 45 30
5 46 9
5 49 31
5 51 24
5 52 49
5 55 1
5 58 28
5 60 23
5 63 12
5 67 34
5 71 31
5 72 9
5 73 49
5 74 29
5 77 27
5 78 8
5 79 28
5 82 9
5 83 26
5 85 25
5 86 40
5 91 43
5 92 3
5 93 18
5 96 9
5 97 9
5 98 50
6 3 5
6 10 2
6 12 17
6 13 16
6 15 47
6 16 42
6 20 44
6 21 32
6 22 34
6 25 36
6 26 30
6 29 35
6 30 46
6 31 42
6 34 13
6 37 17
6 41 42
6 44 7
6 48 1
6 49 24
6 50 34
6 51 14
6 52 49
6 57 30
6 58 36
6 65 33
6 66 31
6 67 2
6 69 26
6 70 44
6 71 43
6 73 27
6 76 17
6 77 39
6 78 11
6 80 44
6 81 43
6 83 21
6 84 45
6 85 42
6 86 44
6 87 42
6 88 8
6 92 40
6 93 25
6 94 5
6 95 25
6 96 48
6 97 1
7 2 20
7 10 43
7 11 15
7 12 27
7 13 13
7 14 2
7 20 33
7 21 39
7 24 8
7 26 11
7 28 37
7 30 31
7 33 26
7 35 46
7 41 48
7 42 10
7 43 14
7 45 13
7 47 8
7 48 25
7 49 42
7 50 29
7 52 18
7 54 3
7 56 17
7 57 8
7 59 33
7 60 31
7 61 46
7 62 38
7 65 38
7 67 32
7 68 38
7 75 6
7 76 34
7 77 31
7 80 47
7 81 45
7 84 46
7 85 11
7 86 6
7 88 24
7 90 12
7 93 38
7 94 17
7 97 39
7 99 39
8 5 24
8 10 37
8 11 29
8 12 6
8 13 1
8 14 42
8 15 29
8 16 10
8 20 41
8 23 48
8 24 14
8 28 9
8 29 1
8 30 50
8 34 4
8 36 20
8 40 29
8 41 36
8 42 46
8 47 4
8 48 8
8 49 5
8 51 16
8 56 30
8 58 40
8 60 9
8 62 29
8 63 42
8 66 14
8 68 46
8 70 17
8 71 18
8 72 48
8 73 7
8 74 27
8 75 49
8 76 10
8 82 15
8 83 37
8 85 17
8 90 2
8 93 49
8 94 28
8 97 42
8 98 16
9 3 41
9 5 41
9 11 12
9 12 38
9 13 45
9 15 21
9 16 32
9 18 10
9 21 18
9 23 15
9 24 28
9 26 42
9 27 17
9 31 40
9 32 7
9 33 15
9 35 25
9 38 43
9 39 10
9 40 45
9 42 16
9 48 35
9 49 13
9 52 38
9 54 45
9 55 22
9 56 17
9 57 25
9 58 24
9 60 29
9 61 2
9 62 19
9 63 5
9 66 14
9 68 1
9 71 20
9 74 44
9 75 46
9 76 24
9 77 42
9 78 26
9 79 40
9 81 4
9 82 11
9 87 43
9 90 47
9 91 35
9 92 44
9 94 39
9 99 35
10 3 36
10 5 48
10 6 2
10 7 43
10 8 37
10 11 20
10 15 38
10 17 46
10 19 38
10 20 31
10 21 5
10 22 15
10 24 31
10 25 28
10 26 28
10 28 46
10 29 23
10 32 31
10 34 27
10 35 45
10 36 48
10 37 27
10 38 47
10 40 27
10 42 39
10 45 38
10 48 20
10 49 19
10 50 14
10 51 50
10 53 26
10 55 26
10 57 17
10 58 4
10 62 47
10 64 26
10 68 30
10 74 41
10 75 46
10 76 14
10 77 16
10 78 34
10 79 11
10 87 20
10 92 9
10 95 12
10 96 16
10 97 21
10 98 1
11 1 50
11 3 15
11 4 22
11 5 33
11 7 15
11 8 29
11 9 12
11 10 20
11 12 38
11 14 1
11 19 28
11 20 6
11 21 46
11 22 34
11 23 1
11 24 29
11 25 31
11 27 25
11 28 21
11 30 23
11 31 34
11 33 24
11 35 45
11 36 16
11 38 42
11 43 47
11 44 15
11 47 43
11 48 5
11 49 31
11 53 8
11 54 45
11 55 12
11 56 37
11 60 48
11 66 13
11 68 13
11 69 13
11 71 20
11 72 15
11 73 10
11 74 21
11 79 9
11 80 28
11 81 24
11 84 23
11 86 25
11 89 16
11 98 35
11 99 48
12 2 22
12 3 1
12 5 46
12 6 17
12 7 27
12 8 6
12 9 38
12 11 38
12 16 35
12 18 31
12 19 10
12 24 44
12 25 41
12 27 45
12 29 29
12 31 37
12 32 38
12 33 3
12 34 35
12 35 35
12 38 13
12 40 20
12 41 20
12 45 21
12 46 29
12 52 29
12 58 22
12 59 37
12 61 32
12 64 17
12 65 12
12 67 10
12 68 34
12 69 4
12 71 6
12 73 20
12 74 23
12 78 26
12 81 32
12 83 7
12 86 43
12 87 5
12 91 43
12 93 15
12 96 31
12 97 23
12 99 20
13 1 6
13 2 20
13 4 7
13 5 26
13 6 16
13 7 13
13 8 1
13 9 45
13 14 46
13 15 37
13 16 3
13 19 44
13 21 45
13 22 16
13 26 47
13 28 48
13 30 22
13 31 45
13 33 50
13 34 39
13 35 42
13 36 16
13 38 47
13 39 36
13 42 19
13 44 31
13 45 41
13 46 32
13 47 50
13 49 31
13 50 33
13 57 41
13 61 5
13 63 33
13 66 37
13 67 42
13 69 36
13 70 15
13 71 4
13 78 43
13 82 3
13 87 17
13 88 8
13 92 38
13 97 46
14 2 26
14 4 3
14 5 17
14 7 2
14 8 42
14 11 1
14 13 46
14 15 16
14 17 49
14 19 15
14 20 49
14 22 38
14 23 41
14 24 41
14 28 36
14 29 5
14 33 14
14 37 18
14 39 6
14 40 41
14 41 48
14 42 36
14 44 2
14 48 29
14 49 11
14 52 23
14 53 24
14 57 26
14 60 18
14 61 36
14 64 20
14 65 38
14 66 13
14 69 7
14 70 35
14 75 8
14 78 1
14 81 27
14 82 38
14 83 12
14 89 20
14 90 19
14 91 3
14 92 5
14 93 36
14 94 5
14 95 37
14 97 34
14 98 20
15 6 47
15 8 29
15 9 21
15 10 38
15 13 37
15 14 16
15 17 1
15 19 12
15 21 4
15 22 36
15 23 49
15 24 4
15 27 34
15 30 24
15 31 15
15 32 18
15 34 21
15 36 10
15 38 11
15 39 32
15 43 7
15 44 16
15 46 6
15 47 24
15 48 21
15 50 39
15 51 3
15 52 22
15 53 48
15 54 29
15 55 5
15 56 48
15 57 34
15 59 11
15 60 6
15 63 11
15 65 44
15 66 46
15 67 45
15 68 44
15 69 19
15 70 43
15 74 22
15 80 19
15 85 4
15 88 31
15 90 39
15 91 15
15 92 23
15 94 20
15 95 50
15 96 16
16 1 33
16 3 24
16 4 30
16 6 42
16 8 10
16 9 32
16 12 35
16 13 3
16 20 25
16 23 17
16 24 36
16 25 1
16 26 24
16 27 6
16 32 48
16 33 27
16 35 44
16 38 45
16 39 2
16 40 20
16 43 25
16 45 50
16 46 42
16 48 15
16 54 42
16 55 41
16 59 25
16 60 43
16 61 50
16 65 33
16 66 12
16 67 7
16 68 36
16 71 33
16 75 35
16 79 45
16 80 21
16 83 31
16 85 2
16 86 9
16 92 27
16 95 44
16 99 37
17 4 20
17 5 3
17 10 46
17 14 49
17 15 1
17 18 15
17 19 18
17 20 5
17 21 47
17 22 9
17 24 33
17 25 6
17 26 9
17 27 21
17 31 50
17 32 34
17 34 11
17 37 19
17 39 45
17 43 10
17 46 26
17 47 48
17 48 44
17 51 43
17 52 48
17 54 47
17 56 41
17 57 9
17 58 8
17 60 38
17 62 46
17 65 45
17 66 42
17 67 38
17 68 30
17 70 20
17 72 33
17 73 32
17 76 18
17 77 2
17 80 28
17 81 43
17 83 4
17 85 27
17 86 10
17 88 35
17 89 12
17 90 30
17 91 25
17 95 38
17 99 10
18 2 38
18 3 31
18 4 7
18 5 8
18 9 10
18 12 31
18 17 15
18 20 42
18 23 15
18 24 6
18 26 46
18 29 47
18 30 36
18 31 22
18 37 43
18 39 1
18 40 35
18 41 47
18 44 31
18 46 21
18 48 5
18 50 4
18 51 46
18 52 7
18 54 7
18 58 44
18 59 33
18 63 14
18 64 14
18 67 1
18 71 20
18 73 43
18 75 21
18 76 1
18 78 46
18 79 7
18 80 18
18 81 47
18 83 1
18 85 41
18 87 33
18 89 5
18 90 17
18 91 27
18 92 20
18 93 15
18 94 16
19 2 27
19 10 38
19 11 28
19 12 10
19 13 44
19 14 15
19 15 12
19 17 18
19 20 47
19 22 8
19 23 9
19 25 44
19 26 30
19 27 33
19 30 16
19 31 5
19 32 32
19 33 50
19 34 33
19 36 50
19 41 31
19 42 36
19 44 20
19 45 50
19 48 29
19 52 44
19 55 20
19 58 21
19 59 14
19 61 12
19 64 40
19 68 35
19 69 41
19 71 8
19 77 42
19 79 41
19 80 6
19 81 26
19 82 33
19 84 6
19 87 45
19 88 37
19 89 8
19 92 50
19 94 36
19 96 36
19 99 34
20 2 20
20 3 2
20 4 8
20 5 36
20 6 44
20 7 33
20 8 41
20 10 31
20 11 6
20 14 49
20 16 25
20 17 5
20 18 42
20 19 47
20 22 35
20 24 5
20 28 38
20 32 50
20 34 35
20 35 4
20 41 43
20 42 24
20 44 13
20 46 6
20 48 20
20 50 11
20 51 21
20 52 34
20 53 46
20 54 44
20 55 35
20 56 34
20 57 31
20 59 5
20 62 41
20 68 49
20 69 17
20 74 9
20 75 40
20 76 37
20 77 20
20 78 3
20 79 45
20 81 50
20 83 7
20 84 38
20 86 3
20 87 33
20 88 15
20 90 36
20 94 3
20 95 40
20 99 43
21 1 18
21 6 32
21 7 39
21 9 18
21 10 5
21 11 46
21 13 45
21 15 4
21 17 47
21 22 9
21 23 12
21 24 23
21 25 4
21 29 33
21 32 21
21 35 22
21 36 35
21 41 20
21 42 1
21 43 34
21 44 30
21 46 24
21 47 18
21 49 27
21 52 25
21 53 31
21 57 27
21 59 32
21 61 44
21 62 48
21 67 37
21 69 49
21 71 13
21 72 23
21 73 25
21 74 17
21 75 45
21 76 32
21 77 11
21 79 50
21 80 22
21 84 6
21 85 7
21 88 21
21 90 31
21 91 26
21 92 1
21 93 48
21 94 48
21 96 39
21 98 18
22 1 27
22 2 42
22 3 9
22 4 3
22 5 44
22 6 34
22 10 15
22 11 34
22 13 16
22 14 38
22 15 36
22 17 9
22 19 8
22 20 35
22 21 9
22 24 29
22 25 8
22 26 3
22 29 19
22 30 8
22 31 3
22 32 19
22 36 8
22 39 43
22 40 47
22 41 21
22 43 5
22 44 30
22 45 22
22 46 25
22 48 6
22 54 37
22 55 10
22 56 8
22 58 17
22 59 16
22 60 33
22 61 47
22 62 21
22 65 40
22 69 2
22 70 34
22 75 34
22 76 26
22 77 28
22 80 28
22 81 11
22 82 25
22 83 42
22 88 29
22 90 6
22 91 28
22 97 27
23 2 44
23 3 21
23 8 48
23 9 15
23 11 1
23 14 41
23 15 49
23 16 17
23 18 15
23 19 9
23 21 12
23 24 50
23 25 2
23 26 20
23 27 42
23 29 3
23 30 34
23 31 42
23 32 17
23 34 45
23 35 33
23 36 21
23 37 42
23 38 9
23 43 46
23 44 28
23 45 47
23 47 30
23 48 20
23 49 46
23 53 35
23 54 46
23 56 33
23 57 33
23 58 25
23 59 37
23 62 42
23 64 34
23 65 15
23 66 28
23 68 28
23 69 39
23 70 41
23 71 15
23 73 33
23 76 36
23 80 37
23 81 31
23 82 48
23 83 5
23 85 29
23 86 10
23 87 16
23 89 9
23 94 8
23 95 41
23 98 19
23 99 31
24 3 33
24 5 5
24 7 8
24 8 14
24 9 28
24 10 31
24 11 29
24 12 44
24 14 41
24 15 4
24 16 36
24 17 33
24 18 6
24 20 5
24 21 23
24 22 29
24 23 50
24 28 14
24 29 13
24 30 28
24 32 39
24 35 45
24 36 50
24 40 50
24 41 36
24 44 44
24 45 8
24 48 6
24 49 35
24 52 10
24 59 43
24 60 43
24 61 29
24 63 39
24 67 22
24 68 14
24 70 3
24 71 12
24 74 16
24 75 21
24 76 2
24 77 16
24 78 37
24 79 50
24 81 40
24 82 10
24 83 23
24 84 22
24 85 5
24 89 9
24 91 19
24 96 43
24 97 14
25 1 23
25 2 20
25 4 48
25 5 43
25 6 36
25 10 28
25 11 31
25 12 41
25 16 1
25 17 6
25 19 44
25 21 4
25 22 8
25 23 2
25 29 12
25 30 14
25 34 1
25 37 5
25 41 22
25 42 10
25 43 10
25 44 46
25 48 47
25 49 8
25 53 39
25 54 23
25 55 45
25 57 49
25 58 50
25 60 25
25 61 27
25 62 8
25 65 16
25 66 30
25 67 41
25 68 25
25 69 4
25 72 50
25 73 50
25 75 25
25 76 32
25 77 26
25 78 3
25 83 29
25 84 28
25 87 14
25 88 31
25 92 35
25 95 11
25 96 18
25 98 34
26 2 49
26 4 48
26 6 30
26 7 11
26 9 42
26 10 28
26 13 47
26 16 24
26 17 9
26 18 46
26 19 30
26 22 3
26 23 20
26 28 46
26 30 26
26 31 26
26 36 30
26 39 40
26 41 14
26 42 15
26 43 36
26 44 3
26 46 26
26 48 30
26 52 40
26 55 22
26 57 38
26 60 24
26 61 44
26 64 13
26 66 6
26 70 41
26 71 14
26 74 47
26 75 48
26 76 42
26 77 12
26 81 32
26 84 9
26 87 46
26 88 33
26 89 40
26 92 34
27 1 10
27 2 21
27 4 42
27 9 17
27 11 25
27 12 45
27 15 34
27 16 6
27 17 21
27 19 33
27 23 42
27 29 5
27 30 1
27 33 42
27 34 29
27 37 36
27 43 40
27 44 44
27 45 3
27 46 43
27 48 39
27 51 15
27 52 44
27 62 4
27 64 39
27 65 15
27 71 11
27 72 47
27 74 15
27 77 34
27 79 26
27 81 43
27 83 33
27 85 49
27 87 41
27 91 22
27 93 49
27 94 33
27 95 19
27 96 42
28 3 7
28 5 3
28 7 37
28 8 9
28 10 46
28 11 21
28 13 48
28 14 36
28 20 38
28 24 14
28 26 46
28 33 36
28 34 28
28 35 27
28 36 42
28 40 33
28 41 31
28 42 5
28 43 48
28 44 1
28 47 50
28 53 11
28 54 41
28 57 19
28 58 50
28 59 13
28 61 15
28 63 23
28 66 40
28 68 47
28 69 50
28 70 45
28 71 6
28 72 18
28 74 49
28 75 50
28 76 15
28 78 35
28 80 1
28 83 45
28 87 6
28 88 4
28 89 13
28 90 40
28 91 40
28 96 23
28 98 34
29 2 2
29 3 4
29 4 1
29 5 34
29 6 35
29 8 1
29 10 23
29 12 29
29 14 5
29 18 47
29 21 33
29 22 19
29 23 3
29 24 13
29 25 12
29 27 5
29 31 39
29 32 8
29 34 47
29 35 50
29 36 20
29 38 22
29 45 17
29 46 23
29 52 13
29 56 19
29 57 31
29 64 13
29 65 36
29 70 46
29 74 36
29 79 19
29 80 19
29 82 40
29 89 19
29 90 30
29 92 36
29 93 6
29 94 28
29 97 26
29 99 49
30 1 45
30 2 28
30 6 46
30 7 31
30 8 50
30 11 23
30 13 22
30 15 24
30 18 36
30 19 16
30 22 8
30 23 34
30 24 28
30 25 14
30 26 26
30 27 1
30 31 31
30 33 21
30 35 38
30 37 48
30 38 8
30 39 41
30 40 17
30 42 38
30 44 21
30 46 31
30 47 2
30 48 15
30 49 24
30 51 32
30 53 42
30 56 50
30 58 7
30 61 15
30 62 49
30 64 40
30 67 14
30 68 42
30 69 24
30 70 44
30 71 33
30 73 49
30 74 2
30 75 2
30 77 19
30 79 28
30 82 12
30 83 10
30 87 4
30 88 1
30 89 15
30 90 37
30 92 16
30 93 11
30 96 17
30 98 7
31 1 44
31 3 27
31 4 31
31 6 42
31 9 40
31 11 34
31 12 37
31 13 45
31 15 15
31 17 50
31 18 22
31 19 5
31 22 3
31 23 42
31 26 26
31 29 39
31 30 31
31 33 17
31 34 25
31 35 16
31 37 42
31 38 22
31 41 13
31 42 43
31 44 10
31 47 17
31 54 38
31 55 44
31 59 34
31 61 25
31 63 44
31 64 1
31 66 22
31 70 18
31 72 19
31 74 43
31 75 7
31 77 3
31 78 47
31 80 21
31 85 40
31 87 42
31 88 48
31 90 32
31 92 25
31 94 33
31 97 47
31 98 38
31 99 12
32 2 47
32 3 36
32 4 39
32 5 5
32 9 7
32 10 31
32 12 38
32 15 18
32 16 48
32 17 34
32 19 32
32 20 50
32 21 21
32 22 19
32 23 17
32 24 39
32 29 8
32 36 1
32 39 4
32 40 47
32 41 44
32 42 18
32 44 48
32 45 32
32 47 9
32 49 10
32 50 13
32 51 33
32 53 45
32 55 49
32 56 18
32 57 4
32 60 28
32 61 39
32 63 45
32 65 43
32 68 30
32 69 23
32 71 39
32 72 33
32 73 32
32 75 5
32 77 47
32 78 35
32 79 46
32 80 7
32 82 29
32 85 17
32 90 41
32 92 14
32 95 40
32 96 17
33 3 30
33 4 20
33 7 26
33 9 15
33 11 24
33 12 3
33 13 50
33 14 14
33 16 27
33 19 50
33 27 42
33 28 36
33 30 21
33 31 17
33 34 5
33 38 5
33 40 6
33 42 7
33 46 11
33 47 15
33 50 12
33 53 48
33 54 12
33 55 38
33 57 50
33 58 26
33 59 25
33 61 48
33 63 31
33 64 16
33 65 29
33 70 26
33 71 20
33 73 5
33 76 3
33 77 20
33 78 16
33 81 46
33 83 48
33 84 27
33 85 28
33 88 22
33 89 17
33 93 47
33 99 39
34 1 46
34 3 22
34 6 13
34 8 4
34 10 27
34 12 35
34 13 39
34 15 21
34 17 11
34 19 33
34 20 35
34 23 45
34 25 1
34 27 29
34 28 28
34 29 47
34 31 25
34 33 5
34 39 23
34 40 10
34 41 18
34 42 38
34 45 21
34 47 10
34 48 30
34 50 43
34 51 10
34 52 11
34 54 39
34 57 28
34 59 29
34 60 20
34 63 41
34 64 41
34 66 20
34 70 23
34 74 31
34 76 43
34 77 43
34 78 23
34 80 7
34 81 14
34 82 23
34 83 22
34 85 10
34 86 11
34 87 20
34 88 18
34 91 29
34 93 47
34 94 50
34 95 24
34 96 12
34 97 26
35 2 24
35 3 28
35 4 35
35 5 48
35 7 46
35 9 25
35 10 45
35 11 45
35 12 35
35 13 42
35 16 44
35 20 4
35 21 22
35 23 33
35 24 45
35 28 27
35 29 50
35 30 38
35 31 16
35 37 9
35 38 28
35 41 50
35 45 29
35 46 35
35 50 43
35 51 23
35 52 29
35 53 1
35 55 27
35 56 36
35 57 17
35 59 37
35 62 39
35 64 43
35 65 45
35 66 33
35 67 30
35 69 6
35 71 46
35 72 45
35 75 18
35 79 27
35 80 20
35 85 18
35 86 22
35 87 39
35 88 4
35 90 42
35 92 28
35 94 45
35 97 5
35 99 13
36 4 19
36 8 20
36 10 48
36 11 16
36 13 16
36 15 10
36 19 50
36 21 35
36 22 8
36 23 21
36 24 50
36 26 30
36 28 42
36 29 20
36 32 1
36 38 29
36 43 30
36 45 43
36 48 24
36 49 44
36 50 5
36 51 50
36 54 32
36 59 33
36 65 28
36 67 9
36 71 38
36 74 4
36 75 26
36 77 10
36 78 17
36 92 47
36 96 21
36 97 18
37 1 39
37 4 46
37 5 25
37 6 17
37 10 27
37 14 18
37 17 19
37 18 43
37 23 42
37 25 5
37 27 36
37 30 48
37 31 42
37 35 9
37 39 27
37 40 3
37 41 35
37 42 4
37 45 14
37 47 36
37 48 11
37 49 19
37 50 24
37 54 3
37 55 21
37 58 22
37 59 35
37 60 20
37 61 36
37 63 23
37 65 13
37 66 39
37 68 7
37 70 19
37 71 21
37 73 26
37 74 26
37 75 35
37 76 45
37 77 46
37 78 48
37 79 10
37 81 5
37 82 29
37 83 17
37 84 7
37 87 6
37 90 31
37 92 24
37 93 39
37 96 41
37 97 33
37 99 30
38 1 19
38 5 28
38 9 43
38 10 47
38 11 42
38 12 13
38 13 47
38 15 11
38 16 45
38 23 9
38 29 22
38 30 8
38 31 22
38 33 5
38 35 28
38 36 29
38 39 23
38 43 41
38 44 11
38 47 38
38 49 26
38 50 22
38 52 17
38 54 36
38 59 3
38 60 5
38 62 28
38 63 7
38 64 29
38 66 18
38 69 1
38 71 23
38 72 27
38 74 27
38 76 8
38 77 19
38 78 9
38 79 43
38 80 47
38 82 50
38 92 18
38 93 47
38 94 26
38 95 47
38 96 31
39 1 20
39 2 33
39 3 14
39 4 20
39 9 10
39 13 36
39 14 6
39 15 32
39 16 2
39 17 45
39 18 1
39 22 43
39 26 40
39 30 41
39 32 4
39 34 23
39 37 27
39 38 23
39 40 45
39 41 30
39 42 34
39 44 46
39 45 15
39 46 12
39 47 34
39 48 28
39 49 37
39 52 41
39 53 30
39 55 6
39 56 34
39 57 35
39 60 23
39 61 6
39 62 23
39 63 38
39 64 46
39 65 1
39 67 13
39 68 33
39 69 18
39 70 19
39 71 48
39 72 49
39 73 42
39 75 15
39 79 3
39 81 21
39 83 13
39 85 42
39 86 21
39 88 10
39 89 41
39 90 5
39 94 39
39 95 29
39 97 49
39 98 8
40 2 1
40 8 29
40 9 45
40 10 27
40 12 20
40 14 41
40 16 20
40 18 35
40 22 47
40 24 50
40 28 33
40 30 17
40 32 47
40 33 6
40 34 10
40 37 3
40 39 45
40 42 7
40 43 18
40 45 25
40 47 15
40 51 6
40 52 50
40 53 31
40 55 2
40 59 14
40 60 3
40 61 43
40 62 20
40 65 5
40 69 17
40 72 46
40 73 14
40 74 47
40 75 11
40 76 4
40 77 15
40 79 48
40 80 41
40 81 8
40 82 1
40 85 26
40 88 45
40 91 44
40 92 29
40 94 33
40 95 31
40 96 38
40 98 25
40 99 10
41 1 10
41 2 48
41 3 43
41 5 28
41 6 42
41 7 48
41 8 36
41 12 20
41 14 48
41 18 47
41 19 31
41 20 43
41 21 20
41 22 21
41 24 36
41 25 22
41 26 14
41 28 31
41 31 13
41 32 44
41 34 18
41 35 50
41 37 35
41 39 30
41 47 20
41 48 1
41 49 29
41 51 49
41 53 23
41 54 24
41 55 36
41 56 36
41 58 19
41 60 35
41 62 18
41 65 35
41 66 31
41 68 20
41 75 40
41 76 6
41 77 4
41 78 38
41 80 6
41 81 13
41 82 21
41 83 28
41 85 42
41 86 8
41 87 42
41 88 10
41 89 47
41 90 14
41 95 27
41 97 1
41 98 23
41 99 34
42 2 25
42 3 8
42 7 10
42 8 46
42 9 16
42 10 39
42 13 19
42 14 36
42 19 36
42 20 24
42 21 1
42 25 10
42 26 15
42 28 5
42 30 38
42 31 43
42 32 18
42 33 7
42 34 38
42 37 4
42 39 34
42 40 7
42 44 10
42 48 5
42 50 24
42 51 34
42 53 16
42 55 28
42 56 45
42 57 4
42 61 18
42 63 32
42 65 8
42 67 7
42 69 26
42 70 26
42 72 36
42 73 8
42 74 31
42 76 12
42 77 24
42 84 17
42 93 14
42 96 15
42 99 41
43 2 27
43 7 14
43 11 47
43 15 7
43 16 25
43 17 10
43 21 34
43 22 5
43 23 46
43 25 10
43 26 36
43 27 40
43 28 48
43 36 30
43 38 41
43 40 18
43 44 35
43 46 14
43 47 13
43 50 48
43 51 34
43 52 34
43 54 45
43 61 31
43 67 4
43 69 25
43 70 46
43 71 38
43 72 6
43 73 25
43 77 7
43 79 10
43 83 50
43 84 44
43 85 23
43 86 9
43 87 2
43 89 37
43 91 25
43 94 41
43 95 25
43 99 10
44 1 49
44 4 9
44 6 7
44 11 15
44 13 31
44 14 2
44 15 16
44 18 31
44 19 20
44 20 13
44 21 30
44 22 30
44 23 28
44 24 44
44 25 46
44 26 3
44 27 44
44 28 1
44 30 21
44 31 10
44 32 48
44 38 11
44 39 46
44 42 10
44 43 35
44 48 19
44 49 14
44 52 22
44 54 18
44 57 31
44 61 27
44 63 36
44 64 1
44 66 16
44 67 36
44 72 14
44 73 2
44 76 39
44 78 6
44 79 27
44 81 8
44 83 14
44 84 34
44 87 40
44 93 23
44 99 41
45 2 24
45 4 29
45 5 30
45 7 13
45 10 38
45 12 21
45 13 41
45 16 50
45 19 50
45 22 22
45 23 47
45 24 8
45 27 3
45 29 17
45 32 32
45 34 21
45 35 29
45 36 43
45 37 14
45 39 15
45 40 25
45 46 20
45 47 5
45 48 38
45 49 41
45 50 37
45 51 14
45 52 20
45 56 42
45 59 13
45 62 27
45 64 47
45 66 19
45 75 22
45 76 3
45 77 50
45 79 22
45 80 9
45 83 5
45 85 35
45 87 22
45 88 17
45 94 43
45 98 15
46 4 12
46 5 9
46 12 29
46 13 32
46 15 6
46 16 42
46 17 26
46 18 21
46 20 6
46 21 24
46 22 25
46 26 26
46 27 43
46 29 23
46 30 31
46 33 11
46 35 35
46 39 12
46 43 14
46 45 20
46 49 49
46 50 5
46 52 21
46 53 26
46 56 29
46 57 33
46 59 13
46 63 39
46 66 1
46 68 25
46 69 42
46 72 49
46 74 30
46 79 19
46 85 35
46 86 5
46 87 50
46 90 13
46 91 2
46 92 43
46 94 14
46 95 26
46 99 11
47 1 42
47 2 47
47 7 8
47 8 4
47 11 43
47 13 50
47 15 24
47 17 48
47 21 18
47 23 30
47 28 50
47 30 2
47 31 17
47 32 9
47 33 15
47 34 10
47 37 36
47 38 38
47 39 34
47 40 15
47 41 20
47 43 13
47 45 5
47 48 45
47 50 32
47 53 1
47 54 43
47 55 19
47 56 20
47 57 5
47 58 31
47 59 29
47 61 3
47 63 39
47 68 5
47 70 43
47 74 48
47 76 22
47 78 24
47 80 50
47 81 47
47 83 45
47 86 6
47 90 7
47 92 8
47 94 26
47 95 46
47 96 30
47 97 33
47 99 9
48 6 1
48 7 25
48 8 8
48 9 35
48 10 20
48 11 5
48 14 29
48 15 21
48 16 15
48 17 44
48 18 5
48 19 29
48 20 20
48 22 6
48 23 20
48 24 6
48 25 47
48 26 30
48 27 39
48 30 15
48 34 30
48 36 24
48 37 11
48 39 28
48 41 1
48 42 5
48 44 19
48 45 38
48 47 45
48 49 19
48 53 29
48 54 7
48 55 8
48 56 28
48 58 7
48 59 39
48 61 23
48 62 36
48 66 9
48 69 40
48 70 20
48 72 42
48 74 32
48 75 19
48 76 24
48 78 11
48 80 2
48 82 38
48 84 5
48 85 15
48 91 36
48 92 47
48 95 31
49 2 3
49 3 14
49 5 31
49 6 24
49 7 42
49 8 5
49 9 13
49 10 19
49 11 31
49 13 31
49 14 11
49 21 27
49 23 46
49 24 35
49 25 8
49 30 24
49 32 10
49 36 44
49 37 19
49 38 26
49 39 37
49 41 29
49 44 14
49 45 41
49 46 49
49 48 19
49 50 21
49 51 50
49 55 42
49 56 4
49 58 38
49 59 46
49 60 11
49 61 12
49 62 38
49 64 41
49 66 14
49 67 6
49 69 30
49 72 44
49 75 28
49 76 33
49 77 28
49 81 22
49 83 5
49 84 4
49 85 49
49 87 50
49 88 10
49 89 49
49 90 44
49 92 43
49 93 4
49 94 40
49 95 14
49 97 21
49 98 23
49 99 45
50 2 40
50 3 6
50 6 34
50 7 29
50 10 14
50 13 33
50 15 39
50 18 4
50 20 11
50 32 13
50 33 12
50 34 43
50 35 43
50 36 5
50 37 24
50 38 22
50 42 24
50 43 48
50 45 37
50 46 5
50 47 32
50 49 21
50 51 36
50 53 38
50 55 9
50 58 20
50 60 6
50 62 14
50 65 46
50 66 50
50 67 21
50 69 36
50 71 11
50 74 47
50 75 36
50 78 39
50 81 28
50 83 16
50 84 40
50 85 30
50 89 5
50 90 23
50 91 5
50 92 19
50 93 47
50 94 39
50 95 31
50 97 30
51 1 29
51 2 4
51 3 35
51 5 24
51 6 14
51 8 16
51 10 50
51 15 3
51 17 43
51 18 46
51 20 21
51 27 15
51 30 32
51 32 33
51 34 10
51 35 23
51 36 50
51 40 6
51 41 49
51 42 34
51 43 34
51 45 14
51 49 50
51 50 36
51 52 25
51 53 13
51 54 2
51 56 12
51 59 26
51 60 27
51 62 8
51 67 30
51 68 10
51 69 1
51 74 10
51 77 25
51 78 26
51 79 24
51 82 2
51 83 1
51 87 40
51 92 6
51 94 47
51 96 21
51 99 32
52 2 27
52 3 1
52 5 49
52 6 49
52 7 18
52 9 38
52 12 29
52 14 23
52 15 22
52 17 48
52 18 7
52 19 44
52 20 34
52 21 25
52 24 10
52 26 40
52 27 44
52 29 13
52 34 11
52 35 29
52 38 17
52 39 41
52 40 50
52 43 34
52 44 22
52 45 20
52 46 21
52 51 25
52 53 4
52 57 7
52 63 12
52 69 45
52 74 35
52 75 36
52 77 36
52 84 2
52 85 14
52 87 32
52 89 23
52 92 1
52 93 32
52 94 34
52 95 35
52 96 50
52 97 18
52 98 5
52 99 42
53 1 11
53 10 26
53 11 8
53 14 24
53 15 48
53 20 46
53 21 31
53 23 35
53 25 39
53 28 11
53 30 42
53 32 45
53 33 48
53 35 1
53 39 30
53 40 31
53 41 23
53 42 16
53 46 26
53 47 1
53 48 29
53 50 38
53 51 13
53 52 4
53 55 24
53 60 2
53 63 1
53 64 45
53 66 14
53 67 35
53 68 29
53 70 32
53 73 40
53 74 23
53 75 49
53 76 10
53 79 33
53 81 27
53 82 7
53 84 8
53 85 34
53 87 50
53 88 47
53 89 31
53 91 44
53 93 6
53 94 2
53 98 44
53 99 3
54 2 23
54 4 10
54 7 3
54 9 45
54 11 45
54 15 29
54 16 42
54 17 47
54 18 7
54 20 44
54 22 37
54 23 46
54 25 23
54 28 41
54 31 38
54 33 12
54 34 39
54 36 32
54 37 3
54 38 36
54 41 24
54 43 45
54 44 18
54 47 43
54 48 7
54 51 2
54 55 24
54 56 31
54 57 12
54 58 37
54 61 3
54 62 29
54 63 7
54 67 21
54 68 4
54 69 33
54 70 21
54 71 8
54 72 1
54 74 3
54 75 13
54 76 11
54 78 21
54 79 30
54 80 27
54 81 36
54 83 5
54 84 19
54 86 30
54 90 36
54 91 35
54 93 49
54 94 28
54 95 20
54 96 19
54 97 15
54 99 34
55 1 40
55 2 32
55 4 4
55 5 1
55 9 22
55 10 26
55 11 12
55 15 5
55 16 41
55 19 20
55 20 35
55 22 10
55 25 45
55 26 22
55 31 44
55 32 49
55 33 38
55 35 27
55 37 21
55 39 6
55 40 2
55 41 36
55 42 28
55 47 19
55 48 8
55 49 42
55 50 9
55 53 24
55 54 24
55 56 48
55 57 40
55 60 24
55 61 42
55 64 38
55 66 10
55 69 41
55 70 35
55 75 24
55 76 40
55 77 27
55 78 16
55 79 13
55 81 26
55 82 34
55 84 27
55 87 12
55 88 38
55 89 4
55 90 16
55 95 26
55 98 1
55 99 33
56 2 38
56 7 17
56 8 30
56 9 17
56 11 37
56 15 48
56 17 41
56 20 34
56 22 8
56 23 33
56 29 19
56 30 50
56 32 18
56 35 36
56 39 34
56 41 36
56 42 45
56 45 42
56 46 29
56 47 20
56 48 28
56 49 4
56 51 12
56 54 31
56 55 48
56 58 42
56 59 24
56 60 40
56 61 29
56 64 28
56 65 35
56 66 20
56 69 16
56 70 40
56 72 22
56 74 50
56 75 22
56 76 23
56 79 11
56 80 29
56 81 14
56 82 24
56 83 48
56 84 39
56 85 22
56 89 22
56 90 41
56 91 26
56 92 17
56 96 47
56 97 46
56 99 42
57 1 26
57 6 30
57 7 8
57 9 25
57 10 17
57 13 41
57 14 26
57 15 34
57 17 9
57 20 31
57 21 27
57 23 33
57 25 49
57 26 38
57 28 19
57 29 31
57 32 4
57 33 50
57 34 28
57 35 17
57 39 35
57 42 4
57 44 31
57 46 33
57 47 5
57 52 7
57 54 12
57 55 40
57 58 13
57 62 44
57 63 5
57 64 47
57 65 45
57 70 3
57 71 13
57 72 48
57 73 19
57 74 3
57 75 3
57 76 5
57 77 2
57 79 7
57 80 16
57 81 9
57 83 1
57 84 31
57 85 41
57 86 12
57 87 42
57 88 2
57 92 30
57 94 12
57 95 48
57 96 22
57 97 38
57 98 17
58 3 10
58 4 38
58 5 28
58 6 36
58 8 40
58 9 24
58 10 4
58 12 22
58 17 8
58 18 44
58 19 21
58 22 17
58 23 25
58 25 50
58 28 50
58 30 7
58 33 26
58 37 22
58 41 19
58 47 31
58 48 7
58 49 38
58 50 20
58 54 37
58 56 42
58 57 13
58 62 11
58 68 43
58 71 26
58 72 24
58 74 8
58 75 46
58 76 48
58 78 16
58 80 20
58 81 3
58 83 44
58 85 26
58 89 2
58 90 20
58 92 12
58 93 47
58 95 14
58 98 8
59 4 12
59 7 33
59 12 37
59 15 11
59 16 25
59 18 33
59 19 14
59 20 5
59 21 32
59 22 16
59 23 37
59 24 43
59 28 13
59 31 34
59 33 25
59 34 29
59 35 37
59 36 33
59 37 35
59 38 3
59 40 14
59 45 13
59 46 13
59 47 29
59 48 39
59 49 46
59 51 26
59 56 24
59 60 1
59 63 1
59 64 42
59 65 42
59 67 12
59 68 14
59 69 33
59 72 27
59 73 9
59 74 31
59 75 7
59 76 49
59 77 12
59 78 16
59 79 50
59 80 31
59 81 17
59 83 4
59 84 6
59 85 29
59 86 47
59 87 11
59 89 48
59 91 50
59 92 15
59 95 28
59 96 26
60 2 22
60 3 28
60 4 38
60 5 23
60 7 31
60 8 9
60 9 29
60 11 48
60 14 18
60 15 6
60 16 43
60 17 38
60 22 33
60 24 43
60 25 25
60 26 24
60 32 28
60 34 20
60 37 20
60 38 5
60 39 23
60 40 3
60 41 35
60 49 11
60 50 6
60 51 27
60 53 2
60 55 24
60 56 40
60 59 1
60 63 37
60 67 24
60 68 29
60 69 37
60 71 4
60 73 42
60 76 40
60 77 27
60 78 37
60 80 46
60 82 42
60 84 21
60 87 7
60 89 8
60 90 50
60 92 3
60 98 18
60 99 17
61 7 46
61 9 2
61 12 32
61 13 5
61 14 36
61 16 50
61 19 12
61 21 44
61 22 47
61 24 29
61 25 27
61 26 44
61 28 15
61 30 15
61 31 25
61 32 39
61 33 48
61 37 36
61 39 6
61 40 43
61 42 18
61 43 31
61 44 27
61 47 3
61 48 23
61 49 12
61 54 3
61 55 42
61 56 29
61 62 43
61 63 38
61 65 22
61 66 4
61 69 11
61 71 4
61 72 31
61 74 25
61 78 9
61 80 46
61 85 47
61 87 13
61 89 8
61 90 23
61 93 20
61 95 22
61 96 39
62 1 12
62 2 38
62 3 30
62 4 42
62 7 38
62 8 29
62 9 19
62 10 47
62 17 46
62 20 41
62 21 48
62 22 21
62 23 42
62 25 8
62 27 4
62 30 49
62 35 39
62 38 28
62 39 23
62 40 20
62 41 18
62 45 27
62 48 36
62 49 38
62 50 14
62 51 8
62 54 29
62 57 44
62 58 11
62 61 43
62 64 47
62 65 19
62 66 7
62 69 28
62 71 8
62 73 31
62 74 42
62 81 50
62 82 35
62 83 43
62 85 33
62 86 6
62 92 2
62 93 43
62 96 49
62 98 46
63 3 36
63 4 32
63 5 12
63 8 42
63 9 5
63 13 33
63 15 11
63 18 14
63 24 39
63 28 23
63 31 44
63 32 45
63 33 31
63 34 41
63 37 23
63 38 7
63 39 38
63 42 32
63 44 36
63 46 39
63 47 39
63 52 12
63 53 1
63 54 7
63 57 5
63 59 1
63 60 37
63 61 38
63 66 17
63 68 42
63 73 49
63 74 15
63 75 35
63 77 46
63 78 17
63 81 17
63 84 7
63 85 2
63 90 41
63 92 7
63 95 35
63 97 29
63 98 17
64 1 33
64 2 24
64 10 26
64 12 17
64 14 20
64 18 14
64 19 40
64 23 34
64 26 13
64 27 39
64 29 13
64 30 40
64 31 1
64 33 16
64 34 41
64 35 43
64 38 29
64 39 46
64 44 1
64 45 47
64 49 41
64 53 45
64 55 38
64 56 28
64 57 47
64 59 42
64 62 47
64 65 18
64 66 23
64 68 14
64 70 37
64 73 39
64 75 26
64 76 36
64 78 47
64 79 34
64 82 5
64 83 35
64 86 15
64 90 46
64 92 47
64 93 1
64 95 1
64 96 10
64 99 44
65 1 48
65 6 33
65 7 38
65 12 12
65 14 38
65 15 44
65 16 33
65 17 45
65 22 40
65 23 15
65 25 16
65 27 15
65 29 36
65 32 43
65 33 29
65 35 45
65 36 28
65 37 13
65 39 1
65 40 5
65 41 35
65 42 8
65 50 46
65 56 35
65 57 45
65 59 42
65 61 22
65 62 19
65 64 18
65 70 26
65 72 27
65 73 38
65 74 24
65 75 39
65 77 14
65 78 19
65 80 44
65 81 19
65 82 28
65 84 37
65 86 15
65 89 3
65 90 45
65 91 3
65 93 7
65 96 24
66 1 44
66 2 16
66 3 20
66 4 50
66 6 31
66 8 14
66 9 14
66 11 13
66 13 37
66 14 13
66 15 46
66 16 12
66 17 42
66 23 28
66 25 30
66 26 6
66 28 40
66 31 22
66 34 20
66 35 33
66 37 39
66 38 18
66 41 31
66 44 16
66 45 19
66 46 1
66 48 9
66 49 14
66 50 50
66 53 14
66 55 10
66 56 20
66 61 4
66 62 7
66 63 17
66 64 23
66 67 29
66 70 23
66 78 43
66 81 27
66 82 35
66 85 14
66 86 16
66 90 3
66 91 23
66 92 20
66 93 29
66 94 26
66 96 24
66 98 18
66 99 7
67 1 49
67 2 15
67 3 19
67 4 6
67 5 34
67 6 2
67 7 32
67 12 10
67 13 42
67 15 45
67 16 7
67 17 38
67 18 1
67 21 37
67 24 22
67 25 41
67 30 14
67 35 30
67 36 9
67 39 13
67 42 7
67 43 4
67 44 36
67 49 6
67 50 21
67 51 30
67 53 35
67 54 21
67 59 12
67 60 24
67 66 29
67 68 49
67 69 33
67 70 8
67 71 14
67 72 47
67 80 22
67 81 36
67 83 44
67 84 47
67 85 15
67 86 35
67 87 13
67 88 16
67 91 26
67 93 15
67 94 41
67 97 16
67 98 4
67 99 8
68 1 13
68 4 6
68 7 38
68 8 46
68 9 1
68 10 30
68 11 13
68 12 34
68 15 44
68 16 36
68 17 30
68 19 35
68 20 49
68 23 28
68 24 14
68 25 25
68 28 47
68 30 42
68 32 30
68 37 7
68 39 33
68 41 20
68 46 25
68 47 5
68 51 10
68 53 29
68 54 4
68 58 43
68 59 14
68 60 29
68 63 42
68 64 14
68 67 49
68 69 39
68 70 11
68 71 35
68 73 27
68 74 47
68 76 14
68 78 14
68 79 25
68 80 8
68 83 48
68 88 7
68 91 8
68 96 19
69 1 12
69 2 36
69 3 33
69 4 44
69 6 26
69 11 13
69 12 4
69 13 36
69 14 7
69 15 19
69 19 41
69 20 17
69 21 49
69 22 2
69 23 39
69 25 4
69 28 50
69 30 24
69 32 23
69 35 6
69 38 1
69 39 18
69 40 17
69 42 26
69 43 25
69 46 42
69 48 40
69 49 30
69 50 36
69 51 1
69 52 45
69 54 33
69 55 41
69 56 16
69 59 33
69 60 37
69 61 11
69 62 28
69 67 33
69 68 39
69 70 11
69 72 49
69 81 3
69 84 9
69 85 24
69 87 33
69 88 27
69 89 41
69 90 37
69 92 14
69 94 1
69 95 32
69 97 44
69 98 8
70 3 14
70 4 44
70 6 44
70 8 17
70 13 15
70 14 35
70 15 43
70 17 20
70 22 34
70 23 41
70 24 3
70 26 41
70 28 45
70 29 46
70 30 44
70 31 18
70 33 26
70 34 23
70 37 19
70 39 19
70 42 26
70 43 46
70 47 43
70 48 20
70 53 32
70 54 21
70 55 35
70 56 40
70 57 3
70 64 37
70 65 26
70 66 23
70 67 8
70 68 11
70 69 11
70 72 13
70 73 50
70 74 4
70 75 36
70 77 49
70 80 9
70 81 13
70 83 27
70 84 21
70 87 7
70 88 36
70 90 19
70 93 36
70 94 40
70 97 32
71 4 32
71 5 31
71 6 43
71 8 18
71 9 20
71 11 20
71 12 6
71 13 4
71 16 33
71 18 20
71 19 8
71 21 13
71 23 15
71 24 12
71 26 14
71 27 11
71 28 6
71 30 33
71 32 39
71 33 20
71 35 46
71 36 38
71 37 21
71 38 23
71 39 48
71 43 38
71 50 11
71 54 8
71 57 13
71 58 26
71 60 4
71 61 4
71 62 8
71 67 14
71 68 35
71 72 8
71 73 42
71 74 46
71 75 25
71 76 40
71 78 22
71 79 17
71 82 2
71 87 13
71 90 23
71 91 18
71 92 1
71 93 29
71 97 30
71 99 41
72 1 47
72 4 31
72 5 9
72 8 48
72 11 15
72 17 33
72 21 23
72 25 50
72 27 47
72 28 18
72 31 19
72 32 33
72 35 45
72 38 27
72 39 49
72 40 46
72 42 36
72 43 6
72 44 14
72 46 49
72 48 42
72 49 44
72 54 1
72 56 22
72 57 48
72 58 24
72 59 27
72 61 31
72 65 27
72 67 47
72 69 49
72 70 13
72 71 8
72 76 2
72 78 4
72 80 1
72 82 7
72 83 10
72 85 19
72 86 7
72 87 4
72 88 44
72 89 7
72 91 41
72 93 31
72 95 24
72 97 48
72 98 15
72 99 10
73 2 39
73 4 9
73 5 49
73 6 27
73 8 7
73 11 10
73 12 20
73 17 32
73 18 43
73 21 25
73 23 33
73 25 50
73 30 49
73 32 32
73 33 5
73 37 26
73 39 42
73 40 14
73 42 8
73 43 25
73 44 2
73 53 40
73 57 19
73 59 9
73 60 42
73 62 31
73 63 49
73 64 39
73 65 38
73 68 27
73 70 50
73 71 42
73 76 48
73 78 25
73 79 47
73 86 46
73 87 34
73 90 42
73 91 25
73 92 19
73 94 32
73 95 21
73 97 36
73 98 36
74 2 30
74 3 15
74 4 30
74 5 29
74 8 27
74 9 44
74 10 41
74 11 21
74 12 23
74 15 22
74 20 9
74 21 17
74 24 16
74 26 47
74 27 15
74 28 49
74 29 36
74 30 2
74 31 43
74 34 31
74 36 4
74 37 26
74 38 27
74 40 47
74 42 31
74 46 30
74 47 48
74 48 32
74 50 47
74 51 10
74 52 35
74 53 23
74 54 3
74 56 50
74 57 3
74 58 8
74 59 31
74 61 25
74 62 42
74 63 15
74 65 24
74 68 47
74 70 4
74 71 46
74 75 6
74 77 15
74 80 21
74 83 23
74 85 30
74 86 4
74 87 19
74 89 18
74 95 26
74 99 9
75 1 2
75 7 6
75 8 49
75 9 46
75 10 46
75 14 8
75 16 35
75 18 21
75 20 40
75 21 45
75 22 34
75 24 21
75 25 25
75 26 48
75 28 50
75 30 2
75 31 7
75 32 5
75 35 18
75 36 26
75 37 35
75 39 15
75 40 11
75 41 40
75 45 22
75 48 19
75 49 28
75 50 36
75 52 36
75 53 49
75 54 13
75 55 24
75 56 22
75 57 3
75 58 46
75 59 7
75 63 35
75 64 26
75 65 39
75 70 36
75 71 25
75 74 6
75 77 22
75 78 22
75 79 22
75 81 17
75 82 32
75 84 44
75 85 31
75 86 29
75 88 10
75 89 35
75 90 8
75 94 7
75 97 26
75 98 9
75 99 39
76 2 19
76 4 49
76 6 17
76 7 34
76 8 10
76 9 24
76 10 14
76 17 18
76 18 1
76 20 37
76 21 32
76 22 26
76 23 36
76 24 2
76 25 32
76 26 42
76 28 15
76 33 3
76 34 43
76 37 45
76 38 8
76 40 4
76 41 6
76 42 12
76 44 39
76 45 3
76 47 22
76 48 24
76 49 33
76 53 10
76 54 11
76 55 40
76 56 23
76 57 5
76 58 48
76 59 49
76 60 40
76 64 36
76 68 14
76 71 40
76 72 2
76 73 48
76 78 21
76 79 41
76 81 17
76 85 34
76 86 16
76 87 41
76 89 13
76 90 47
76 92 44
76 93 12
76 95 42
76 96 25
76 97 6
76 98 10
76 99 21
77 1 39
77 2 6
77 5 27
77 6 39
77 7 31
77 9 42
77 10 16
77 17 2
77 19 42
77 20 20
77 21 11
77 22 28
77 24 16
77 25 26
77 26 12
77 27 34
77 30 19
77 31 3
77 32 47
77 33 20
77 34 43
77 36 10
77 37 46
77 38 19
77 40 15
77 41 4
77 42 24
77 43 7
77 45 50
77 49 28
77 51 25
77 52 36
77 55 27
77 57 2
77 59 12
77 60 27
77 63 46
77 65 14
77 70 49
77 74 15
77 75 22
77 79 19
77 81 23
77 82 4
77 85 24
77 87 35
77 98 42
77 99 39
78 1 16
78 2 31
78 3 27
78 5 8
78 6 11
78 9 26
78 10 34
78 12 26
78 13 43
78 14 1
78 18 46
78 20 3
78 24 37
78 25 3
78 28 35
78 31 47
78 32 35
78 33 16
78 34 23
78 36 17
78 37 48
78 38 9
78 41 38
78 44 6
78 47 24
78 48 11
78 50 39
78 51 26
78 54 21
78 55 16
78 58 16
78 59 16
78 60 37
78 61 9
78 63 17
78 64 47
78 65 19
78 66 43
78 68 14
78 71 22
78 72 4
78 73 25
78 75 22
78 76 21
78 79 47
78 84 39
78 85 45
78 88 48
78 89 20
78 90 34
78 91 23
78 93 21
78 97 27
78 98 30
79 3 29
79 4 3
79 5 28
79 9 40
79 10 11
79 11 9
79 16 45
79 18 7
79 19 41
79 20 45
79 21 50
79 24 50
79 27 26
79 29 19
79 30 28
79 32 46
79 35 27
79 37 10
79 38 43
79 39 3
79 40 48
79 43 10
79 44 27
79 45 22
79 46 19
79 51 24
79 53 33
79 54 30
79 55 13
79 56 11
79 57 7
79 59 50
79 64 34
79 68 25
79 71 17
79 73 47
79 75 22
79 76 41
79 77 19
79 78 47
79 80 17
79 82 43
79 84 10
79 92 32
79 93 43
79 94 40
79 96 28
79 97 26
79 99 39
80 2 29
80 3 39
80 6 44
80 7 47
80 11 28
80 15 19
80 16 21
80 17 28
80 18 18
80 19 6
80 21 22
80 22 28
80 23 37
80 28 1
80 29 19
80 31 21
80 32 7
80 34 7
80 35 20
80 38 47
80 40 41
80 41 6
80 45 9
80 47 50
80 48 2
80 54 27
80 56 29
80 57 16
80 58 20
80 59 31
80 60 46
80 61 46
80 65 44
80 67 22
80 68 8
80 70 9
80 72 1
80 74 21
80 79 17
80 82 26
80 87 10
80 88 29
80 91 17
80 92 1
80 95 48
81 1 48
81 2 22
81 6 43
81 7 45
81 9 4
81 11 24
81 12 32
81 14 27
81 17 43
81 18 47
81 19 26
81 20 50
81 22 11
81 23 31
81 24 40
81 26 32
81 27 43
81 33 46
81 34 14
81 37 5
81 39 21
81 40 8
81 41 13
81 44 8
81 47 47
81 49 22
81 50 28
81 53 27
81 54 36
81 55 26
81 56 14
81 57 9
81 58 3
81 59 17
81 62 50
81 63 17
81 65 19
81 66 27
81 67 36
81 69 3
81 70 13
81 75 17
81 76 17
81 77 23
81 82 12
81 83 27
81 84 43
81 86 49
81 87 18
81 90 38
81 91 28
81 92 19
81 94 34
82 5 9
82 8 15
82 9 11
82 13 3
82 14 38
82 19 33
82 22 25
82 23 48
82 24 10
82 29 40
82 30 12
82 32 29
82 34 23
82 37 29
82 38 50
82 40 1
82 41 21
82 48 38
82 51 2
82 53 7
82 55 34
82 56 24
82 60 42
82 62 35
82 64 5
82 65 28
82 66 35
82 71 2
82 72 7
82 75 32
82 77 4
82 79 43
82 80 26
82 81 12
82 83 4
82 84 49
82 85 39
82 88 20
82 90 23
82 92 14
82 93 31
82 94 19
82 95 42
82 96 29
83 1 16
83 2 4
83 5 26
83 6 21
83 8 37
83 12 7
83 14 12
83 16 31
83 17 4
83 18 1
83 20 7
83 22 42
83 23 5
83 24 23
83 25 29
83 27 33
83 28 45
83 30 10
83 33 48
83 34 22
83 37 17
83 39 13
83 41 28
83 43 50
83 44 14
83 45 5
83 47 45
83 49 5
83 50 16
83 51 1
83 54 5
83 56 48
83 57 1
83 58 44
83 59 4
83 62 43
83 64 35
83 67 44
83 68 48
83 70 27
83 72 10
83 74 23
83 81 27
83 82 4
83 85 15
83 88 29
83 89 9
83 92 2
83 95 20
83 96 13
83 98 47
83 99 1
84 1 34
84 2 16
84 3 34
84 6 45
84 7 46
84 11 23
84 19 6
84 20 38
84 21 6
84 24 22
84 25 28
84 26 9
84 33 27
84 37 7
84 42 17
84 43 44
84 44 34
84 48 5
84 49 4
84 50 40
84 52 2
84 53 8
84 54 19
84 55 27
84 56 39
84 57 31
84 59 6
84 60 21
84 63 7
84 65 37
84 67 47
84 69 9
84 70 21
84 75 44
84 78 39
84 79 10
84 81 43
84 82 49
84 85 46
84 87 39
84 88 36
84 90 50
84 92 32
84 93 28
84 96 22
84 97 43
84 98 2
84 99 47
85 1 50
85 2 37
85 4 38
85 5 25
85 6 42
85 7 11
85 8 17
85 15 4
85 16 2
85 17 27
85 18 41
85 21 7
85 23 29
85 24 5
85 27 49
85 31 40
85 32 17
85 33 28
85 34 10
85 35 18
85 39 42
85 40 26
85 41 42
85 43 23
85 45 35
85 46 35
85 48 15
85 49 49
85 50 30
85 52 14
85 53 34
85 56 22
85 57 41
85 58 26
85 59 29
85 61 47
85 62 33
85 63 2
85 66 14
85 67 15
85 69 24
85 72 19
85 74 30
85 75 31
85 76 34
85 77 24
85 78 45
85 82 39
85 83 15
85 84 46
85 87 6
85 88 14
85 89 20
85 91 46
85 95 30
85 96 48
86 3 29
86 5 40
86 6 44
86 7 6
86 11 25
86 12 43
86 16 9
86 17 10
86 20 3
86 23 10
86 34 11
86 35 22
86 39 21
86 41 8
86 43 9
86 46 5
86 47 6
86 54 30
86 57 12
86 59 47
86 62 6
86 64 15
86 65 15
86 66 16
86 67 35
86 72 7
86 73 46
86 74 4
86 75 29
86 76 16
86 81 49
86 87 40
86 88 19
86 91 29
86 92 47
86 93 18
86 97 30
86 98 31
87 6 42
87 9 43
87 10 20
87 12 5
87 13 17
87 18 33
87 19 45
87 20 33
87 23 16
87 25 14
87 26 46
87 27 41
87 28 6
87 30 4
87 31 42
87 34 20
87 35 39
87 37 6
87 41 42
87 43 2
87 44 40
87 45 22
87 46 50
87 49 50
87 51 40
87 52 32
87 53 50
87 55 12
87 57 42
87 59 11
87 60 7
87 61 13
87 67 13
87 69 33
87 70 7
87 71 13
87 72 4
87 73 34
87 74 19
87 76 41
87 77 35
87 80 10
87 81 18
87 84 39
87 85 6
87 86 40
87 88 26
87 91 17
87 93 14
88 1 35
88 3 3
88 6 8
88 7 24
88 13 8
88 15 31
88 17 35
88 19 37
88 20 15
88 21 21
88 22 29
88 25 31
88 26 33
88 28 4
88 30 1
88 31 48
88 33 22
88 34 18
88 35 4
88 39 10
88 40 45
88 41 10
88 45 17
88 49 10
88 53 47
88 55 38
88 57 2
88 67 16
88 68 7
88 69 27
88 70 36
88 72 44
88 75 10
88 78 48
88 80 29
88 82 20
88 83 29
88 84 36
88 85 14
88 86 19
88 87 26
88 89 17
88 91 11
88 95 43
88 96 44
88 97 41
88 98 32
88 99 29
89 1 7
89 2 13
89 3 45
89 4 7
89 11 16
89 14 20
89 17 12
89 18 5
89 19 8
89 23 9
89 24 9
89 26 40
89 28 13
89 29 19
89 30 15
89 33 17
89 39 41
89 41 47
89 43 37
89 49 49
89 50 5
89 52 23
89 53 31
89 55 4
89 56 22
89 58 2
89 59 48
89 60 8
89 61 8
89 65 3
89 69 41
89 72 7
89 74 18
89 75 35
89 76 13
89 78 20
89 83 9
89 85 20
89 88 17
89 90 11
89 91 22
89 99 1
90 3 1
90 4 14
90 7 12
90 8 2
90 9 47
90 14 19
90 15 39
90 17 30
90 18 17
90 20 36
90 21 31
90 22 6
90 28 40
90 29 30
90 30 37
90 31 32
90 32 41
90 35 42
90 37 31
90 39 5
90 41 14
90 46 13
90 47 7
90 49 44
90 50 23
90 54 36
90 55 16
90 56 41
90 58 20
90 60 50
90 61 23
90 63 41
90 64 46
90 65 45
90 66 3
90 69 37
90 70 19
90 71 23
90 73 42
90 75 8
90 76 47
90 78 34
90 81 38
90 82 23
90 84 50
90 89 11
90 91 38
90 93 7
90 94 23
90 96 9
90 97 4
90 99 21
91 2 11
91 5 43
91 9 35
91 12 43
91 14 3
91 15 15
91 17 25
91 18 27
91 21 26
91 22 28
91 24 19
91 27 22
91 28 40
91 34 29
91 40 44
91 43 25
91 46 2
91 48 36
91 50 5
91 53 44
91 54 35
91 56 26
91 59 50
91 65 3
91 66 23
91 67 26
91 68 8
91 71 18
91 72 41
91 73 25
91 78 23
91 80 17
91 81 28
91 85 46
91 86 29
91 87 17
91 88 11
91 89 22
91 90 38
91 92 2
91 93 39
91 95 49
91 96 48
91 97 38
91 98 18
91 99 46
92 3 37
92 5 3
92 6 40
92 9 44
92 10 9
92 13 38
92 14 5
92 15 23
92 16 27
92 18 20
92 19 50
92 21 1
92 25 35
92 26 34
92 29 36
92 30 16
92 31 25
92 32 14
92 35 28
92 36 47
92 37 24
92 38 18
92 40 29
92 46 43
92 47 8
92 48 47
92 49 43
92 50 19
92 51 6
92 52 1
92 56 17
92 57 30
92 58 12
92 59 15
92 60 3
92 62 2
92 63 7
92 64 47
92 66 20
92 69 14
92 71 1
92 73 19
92 76 44
92 79 32
92 80 1
92 81 19
92 82 14
92 83 2
92 84 32
92 86 47
92 91 2
92 94 43
92 96 23
92 97 44
92 98 27
92 99 36
93 1 48
93 3 47
93 5 18
93 6 25
93 7 38
93 8 49
93 12 15
93 14 36
93 18 15
93 21 48
93 27 49
93 29 6
93 30 11
93 33 47
93 34 47
93 37 39
93 38 47
93 42 14
93 44 23
93 49 4
93 50 47
93 52 32
93 53 6
93 54 49
93 58 47
93 61 20
93 62 43
93 64 1
93 65 7
93 66 29
93 67 15
93 70 36
93 71 29
93 72 31
93 76 12
93 78 21
93 79 43
93 82 31
93 84 28
93 86 18
93 87 14
93 90 7
93 91 39
93 94 8
93 97 9
94 1 26
94 2 6
94 4 44
94 6 5
94 7 17
94 8 28
94 9 39
94 14 5
94 15 20
94 18 16
94 19 36
94 20 3
94 21 48
94 23 8
94 27 33
94 29 28
94 31 33
94 34 50
94 35 45
94 38 26
94 39 39
94 40 33
94 43 41
94 45 43
94 46 14
94 47 26
94 49 40
94 50 39
94 51 47
94 52 34
94 53 2
94 54 28
94 57 12
94 66 26
94 67 41
94 69 1
94 70 40
94 73 32
94 75 7
94 79 40
94 81 34
94 82 19
94 90 23
94 92 43
94 93 8
94 95 23
94 96 47
94 97 30
94 99 49
95 1 8
95 3 46
95 6 25
95 10 12
95 14 37
95 15 50
95 16 44
95 17 38
95 20 40
95 23 41
95 25 11
95 27 19
95 32 40
95 34 24
95 38 47
95 39 29
95 40 31
95 41 27
95 43 25
95 46 26
95 47 46
95 48 31
95 49 14
95 50 31
95 52 35
95 54 20
95 55 26
95 57 48
95 58 14
95 59 28
95 61 22
95 63 35
95 64 1
95 69 32
95 72 24
95 73 21
95 74 26
95 76 42
95 80 48
95 82 42
95 83 20
95 85 30
95 88 43
95 91 49
95 94 23
95 96 39
95 98 3
96 1 3
96 3 37
96 4 23
96 5 9
96 6 48
96 10 16
96 12 31
96 15 16
96 19 36
96 21 39
96 24 43
96 25 18
96 27 42
96 28 23
96 30 17
96 32 17
96 34 12
96 36 21
96 37 41
96 38 31
96 40 38
96 42 15
96 47 30
96 51 21
96 52 50
96 54 19
96 56 47
96 57 22
96 59 26
96 61 39
96 62 49
96 64 10
96 65 24
96 66 24
96 68 19
96 76 25
96 79 28
96 82 29
96 83 13
96 84 22
96 85 48
96 88 44
96 90 9
96 91 48
96 92 23
96 94 47
96 95 39
96 97 44
96 98 48
96 99 41
97 5 9
97 6 1
97 7 39
97 8 42
97 10 21
97 12 23
97 13 46
97 14 34
97 22 27
97 24 14
97 29 26
97 31 47
97 34 26
97 35 5
97 36 18
97 37 33
97 39 49
97 41 1
97 47 33
97 49 21
97 50 30
97 52 18
97 54 15
97 56 46
97 57 38
97 63 29
97 67 16
97 69 44
97 70 32
97 71 30
97 72 48
97 73 36
97 75 26
97 76 6
97 78 27
97 79 26
97 84 43
97 86 30
97 88 41
97 90 4
97 91 38
97 92 44
97 93 9
97 94 30
97 96 44
97 99 50
98 3 22
98 4 48
98 5 50
98 8 16
98 10 1
98 11 35
98 14 20
98 21 18
98 23 19
98 25 34
98 28 34
98 30 7
98 31 38
98 39 8
98 40 25
98 41 23
98 45 15
98 49 23
98 52 5
98 53 44
98 55 1
98 57 17
98 58 8
98 60 18
98 62 46
98 63 17
98 66 18
98 67 4
98 69 8
98 72 15
98 73 36
98 75 9
98 76 10
98 77 42
98 78 30
98 83 47
98 84 2
98 86 31
98 88 32
98 91 18
98 92 27
98 95 3
98 96 48
98 99 41
1 t 31
2 t 7
3 t 50
7 t 39
9 t 35
11 t 48
12 t 20
16 t 37
17 t 10
19 t 34
20 t 43
23 t 31
29 t 49
31 t 12
33 t 39
35 t 13
37 t 30
40 t 10
41 t 34
42 t 41
43 t 10
44 t 41
46 t 11
47 t 9
49 t 45
51 t 32
52 t 42
53 t 3
54 t 34
55 t 33
56 t 42
60 t 17
64 t 44
66 t 7
67 t 8
71 t 41
72 t 10
74 t 9
75 t 39
76 t 21
77 t 39
79 t 39
83 t 1
84 t 47
88 t 29
89 t 1
90 t 21
91 t 46
92 t 36
94 t 49
96 t 41
97 t 50
98 t 41
