s 1 8
s 2 8
s 3 7
s 4 3
s 5 5
s 6 5
s 7 4
s 8 3
s 9 4
s 10 1
s 11 9
s 12 8
s 13 9
s 14 4
1 2 2
1 3 9
1 4 6
1 5 7
1 6 3
1 7 2
1 8 1
1 9 4
1 10 3
1 11 3
1 12 1
1 13 2
1 14 9
2 1 2
2 3 8
2 4 4
2 5 2
2 6 4
2 7 8
2 8 6
2 9 6
2 10 8
2 11 5
2 12 9
2 13 7
2 14 2
3 1 9
3 2 8
3 4 4
3 5 4
3 6 1
3 7 5
3 8 4
3 9 1
3 10 1
3 11 3
3 12 2
3 13 3
3 14 4
4 1 6
4 2 4
4 3 4
4 5 6
4 6 6
4 7 3
4 8 2
4 9 6
4 10 9
4 11 8
4 12 3
4 13 3
4 14 8
5 1 7
5 2 2
5 3 4
5 4 6
5 6 8
5 7 9
5 8 3
5 9 3
5 10 10
5 11 10
5 12 4
5 13 7
5 14 3
6 1 3
6 2 4
6 3 1
6 4 6
6 5 8
6 7 8
6 8 8
6 9 2
6 10 5
6 11 6
6 12 1
6 13 2
6 14 5
7 1 2
7 2 8
7 3 5
7 4 3
7 5 9
7 6 8
7 8 8
7 9 3
7 10 1
7 11 10
7 12 10
7 13 3
7 14 3
8 1 1
8 2 6
8 3 4
8 4 2
8 5 3
8 6 8
8 7 8
8 9 10
8 10 6
8 11 1
8 12 7
8 13 6
8 14 7
9 1 4
9 2 6
9 3 1
9 4 6
9 5 3
9 6 2
9 7 3
9 8 10
9 10 3
9 11 8
9 12 5
9 13 2
9 14 8
10 1 3
10 2 8
10 3 1
10 4 9
10 5 10
10 6 5
10 7 1
10 8 6
10 9 3
10 11 3
10 12 9
10 13 1
10 14 1
11 1 3
11 2 5
11 3 3
11 4 8
11 5 10
11 6 6
11 7 10
11 8 1
11 9 8
11 10 3
11 12 6
11 13 5
11 14 5
12 1 1
12 2 9
12 3 2
12 4 3
12 5 4
12 6 1
12 7 10
12 8 7
12 9 5
12 10 9
12 11 6
12 13 1
12 14 2
13 1 2
13 2 7
13 3 3
13 4 3
13 5 7
13 6 2
13 7 3
13 8 6
13 9 2
13 10 1
13 11 5
13 12 1
13 14 6
1 t 9
2 t 2
3 t 4
4 t 8
5 t 3
6 t 5
7 t 3
8 t 7
9 t 8
10 t 1
11 t 5
12 t 2
13 t 6
